# Reforged deletions. [Table] sections, IDs!

[Action]
1

[BuildingUpgrades]
7
15
17
18
20
23
24
27
28
29
30
31
32
33
34
36
37
45
46
48
49
51
54
62
63
64
65
66
67
68
69
70
71
72
75
83
84
86
87
88
89
90
91
93
94
95
96
98
100
101
102
103
105
106
107
108
109
110
111
112
114
115
117
118
120
121
122
123
124
127
128
129
130
133
141
150
151
154
158
159
160
165
167
169
170
174
175
176
177
178
179
180
181
182
183
186
187
188
190
192
193
195
196
197
200
201
202
203
205
206
207
208
209
210
211
212
213
214
216
217
218
219
220
221
222
223
224
225
226
227
228
229
230
231
232
233
235
236
237
238
239
259
260
261
262
265
266
268
269
270
271
273
279
280
281
282
283
284
285
286
287
288
289
291
292
294
295
296
306
307
318
319
321
322
325
326
327
329
330
334
335
338
339
340
345
348
351
355
356
357
358
361
362
363
364
367
368
369
370
374
375
378
381
385
386
390
393
415
416
419
420
424
426
427
428
432
433
435
437
438
441
442
445
446
449
450
451
453
454
456
459
460
461
464
465
468
469
472
473
476
477
478
479
480
484
485
493
494
495
497
498
499
500
501
502
504
505
506
511
512
514
515
516
519
520
522
525
526
527
528
530
531
534
536
537
538
541
542
543
545
546
548
550
551
552
554
555
556
561
571
572
575
579
580
581
584
585
586
587
588
589
591
592
593
594
596
597
598
599
600
601
604
605
606
607
608
609
610
611
612
613
614
615
616
617
618
623
625
626
630
631
632
633
634
637
638
639
640
643
644
645
646
648
649
652
653
655
656
657
658
659
660
667
668
670
671
672
674
675
676
677
678
679
680
681
682
683
684
685
686
687
688
689
690
693
694
696
697
698
699
700
710
712
713
715
716
717
720
721
723
725
729
733
734
781
786
787
792
793
794
795
796
797
798
799
801
802
804
805
806
807
808
809
810
811
812
813
814
815
819
820
822
826
828
829
830
831
832
833
836
840
841
845
846
847
851
852
853
854
855
856
857
858
859
860
861
862
863
864
865
866
867
868
869
870
871
872
873
878
879
880
882
884
886
887
888
889
891
892
894
895
896
897
898
899
902
904
905
935
936
937
938
939
940
941
942
943
944
945
946
947
948
949
951
953
954
956
957
958
959
960
961
962
963
964
964
965
966
967
968
969
970
971
973
993
994
995
996
997
998
5641
5646
5647
5649
5650
5651
5652
5656
5660
5661
5662
5663
5664
5665
5667
5670
5671
5672
5673
5674
5675
5676
5677
5678
5679
5681
5682
5683
5684
5685
5686
5687
5689
5690
5692
5693
5695
5699
5701
5702
5704
5705
5707
5710
5711
5714
5715
5716
5718
5719
5721
5722
5723
5724
5726
5727
5731
5732
5733
5736
5737
5740
5741
5742
5743
5746
5747
5748
5749
5750
5752
5753
5754
5755
5761
5763
5766
5767
5768
5769
5770
5771
5773
5774
5777
6000
6001
6003
6004
6005
6006
6007
6008
6010
6020
6023
6024
6025
6026
6030
6033
6034
6035
6050
6052
6054
6055
6056
6057
6058
6059
6060
6063
6064
6065
6066
6069
6070
6071
6072
6073
6074
6080
6081
6082
6083
6084
6085
6091
6093
6094
6095
6099
6100
6102
6110
6113
6115
6117
6119
6121
6122
6123
6124
6125
6126
6127
6128
6129
6133
6134
6137
6138
6142
6144
6145
6146
6147
6148
6149
6150
6155
6156
6160
6164
6165
6167
6168
6169
6170
6171
6172
6173
6174
6175
6176
6177
6178
6179
6180
6181
6182
6183
6184
6185
6186
6187
6188
6189
6190
6191
6192
6193
6194
6195
6196
6197
6198
6199
6200
6201
6202
6203
6204
6205
6206
6207
6208
6209
6210
6211
6212
6213
6214
6215
6216
6217
6218
6219
6220
6221
6222
6223
6224
6225
6226
6227
6228
6229
6230
6231
6232
6233
6234
6235
6236
6237
6238
6239
6240
6241
6242
6243
6244
6245
6246
6247
6248
6249
6250
6251
6263
6264
6265
6266
6267
6268
6269
6270
6271
6272
6273
6274
6275
6276
6277
6278
6279
6280
6281
6282
6283
6284
6285
6286
6287
6288
6289
6290
6291
6292
6293
6294
6295
6296
6297
6298
6299
6300
6301
6302
6303
6304
6305
6306
6307
6308
6309
6310
6311
6312
6313
6314
6315
6316
6317
6318
6319
6320
6321
6322
6323
6324
6325
6326
6327
6328
6329
6330
6331
6332
6333
6334
6335
6336
6337
6338
6339
6340
6341
6342
6343
6344
6345
6346
6347
6348
6349
6350
6351
6352
6353
6354
6355
6356
6357
6358
6359
6360
6361
6362
6363
6364
6365
6366
6367
6368
6369
6370
6371
6372
6373
6374
6375
6376
6377
6378
6379
6380
6381
6382
6383
6384
6385
6386
6387
6388
6389
6390
6391
6392
6393
6394
6395
6396
6397
6398
6399
6400
6401
6402
6403
6404
6405
6406
6407
6408
6409
6410
6411
6412
6413
6414
6415
6416
6417
6418
6419
6420
6421
6422
6423
6424
6425
6426
6427
6428
6429
6430
6431
6432
6433
6434
6435
6436
6437
6438
6439
6440
6441
6442
6443
6444
6445
6446
6447
6448
6449
6450
6451
6452
6453
6454
6455
6456
6457
6458
6459
6460
6461
6462
6463
6464
6465
6466
6467
6468
6469
6470
6471
6472
6473
6474
6475
6476
6477

[Buildings]
200
201
202

[CharModels]
22
31
120
121
122
123
124
125
126

[Filter]
180
234
286
287
288
289
290
291
292
293
294
295
297
298
301
309
316
356
361
422
423
424
532
533
534
535
536
537
538
539
540
541
542
543
544
545
546
547
548
549
550
551
552
553
554
555
556
557
558
559
560
561
562
563
564
565
566
567
568
569
570
571
572
573
574
575
576
577
578
579
592
593
594
1504
1524
1525
1526
1527
1528
1529

[GameConstants]
997
998
1001
1003
1004
1005
1006
1007
1008
1009

[Impacts]
104
105
106
107
108
109
110
111
112
113
114
115
116
117
118
119
120
121
122
123
124
125
126
127
128
129
130
264
280
307
308
309
323
324
325
326
327
328
329
331
332
333
334
335
336
337
338
385
387
388
390
391
392
393
394
395

[Items]
515
516
517
518
519
520
521
522
523
524
525
526
527
528
529
530
531
532
533
534
535
536
537
538
539
540
541
542
543
544
545
546
547
548
549
550
551
552
553
554
555
556
557
558
559
560
561
566
567
568
573
981
905
906
907
908
909
910
911
912
913

[MeasureToObjects]
1
3
4
5
6
8
12
13
16
17
18
19
21
22
23
24
25
26
27
28
51
52
53
55
56
58
59
61
62
64
66
67
68
69
70
71
72
74
76
77
78
79
81
83
84
86
87
89
92
93
95
102
103
104
105
106
107
108
109
111
112
114
118
131
142
143
164
165
166
167
168
173
174
179
182
183
184
188
191
192
194
195
196
197
198
199
204
205
206
207
208
209
303
306
313
314
315
316
1121
1131
1132
1134
1141
1142
1152
1153
1154
1155
1156
1159
1161
1162
1163
1165
1166
1167
1168
1172
1173
1174
1175
1176
1178
1181
1182
1183
1184
1185
1189
1268
1281
1282
1283
1284
1431
1432
1433
1434
1435
1436
1437
1438
1439
1441
1442
1443
1444
1445
1446
1447
1448
1449
1451
1452
1453
1454
1457
1512
1531
1532
1533
1702
1703
1704
1705
1706
1707
1708
1709
1711
1712
1713
1714
1715
1717
1718
1722
1723
1724
1725
1726
1727
1728
1729
1731
1733
1734
1735
2000
2001
2002
2004
2005
2007
2008
2009
2010
2011
2012
2013
2014
2015
2016
2017
2019
2020
2021
2022
2023
2024
2025
2027
2028
2029
2030
2031
2032
2033
2036
2037
2038
2039
2040
2042
2043
2044
2045
2046
2047
2048
2049
2050
2051
2052
2053
2054
2055
2056
2057
2059
2060
2061
2062
2063
2064
2065
2066
2067
2068
2069
2070
2071
2072
2073
2074
2076
2079
2080
2081
2100
2101
2102
2103
2104
2105
2106
2107
2108
2109
2110
2111
2112
2113
2114
2117
2118
2120
2121
2122
2123
2124
2125
2126
2127
2128
2129
2130
2131
2132
2133
2134
2135
2136
2137
2138
2139
2140
2141
2142
2143
2144
2145
2146
2147
2148
2149
2150
2151
2152
2153
2154
2155
2156
2157
2158
2159
2160
2161
2162
2163
2164
2165
2166
2167
2168
2169
2170
2171
2172
2173
2174
2175
2176
2177
2178
2179
2180
2181
2182
2183
2184
2185
2186
2187
2191
2193
2194
2195
2197
2198
2199
2201
2204
2282
2287
2288
2289
2292
2293
2294
2297
2298
2299
2301
2302
2303
2311
2314
2315
2316
2317
2318
2333
2335
2336
2337
2338
2342
2344
2345
2347
2348
2349
2352
2353
2354
2355
2356
2357
2358
2359
2360
2362
2363
2364
2365
2366
2367
2368
2369
2371
2372
2373
2374
2375
2376
2377
2378
2379
2381
2382
2383
2384
2385
2386
2387
2388
2389
2390
2391
2392
2393
2398
2399
2400
2404
2402
2403
2405
2406
2411

[Measures]
321
455
482
991
1101
1102
1103
1104
1105
1106
1107
1108
1111
1112
1113
1351
1602
1900
1910
1920
1940
1950
1970
1983
1984
1985
1986
1987
1988
2110
2170
2800
2801
2802
2803
2804
2805
2806
2807
2808
2809
2810
2811
2812
2813
2814
2815
2816
2817
2818
2819
2820
2821
2822
2823
2824
2825
2826
2827
2828
2829
2830
2831
2832
2833
2834
3003
3004
3005
3006
3007
3009
3010
3011
3012
3013
3014
3015
3016
3017
3018
3019
3150
3151
3152
3153
3154
3155
3200
3201
3202
3203
3204
3205
3206
3207
3208
3209
3210
3211
3212
3213
3214
3215
3216
3217
3218
3219
3220
3221
3222
3223
3224
3225
3226
3227
3228
3229
3230
3231
3232
3233
3234
3235
3236
3237
3238
3239
3240
3241
3242
3243
3244
3245
3246
3247
3400
3401
3402
3403
3404
3405
3406
3407
3408
3409
3410
3411
3412
3413
3415
3416
3417
3501
3502
3503
3504
3505
3510
4000
4001
4003
4004
4005
4006
4009
4010
4011
4012
4014
4015
4016
4017
4018
4020
4021
4030
4031
4032
4100
10920
10922
10923
10924
10925
10926
10927
10928
10929
10930
10931
10932
10933
10934
10935
10936
10937
10938
10941
10942
10943
10944
10945
10946
10948
10949
10950
10951
10952
10953
10954
10955
10956
10957
10958
10959
10960
10961
10962
10963
10964
10965
10967
11000
11001
11002
11003
11004
11005
11006
11007
11008
11009
11010
11011
11012
11013
11014
11015
11017
11019
11020
11021
11022
11023
11024
11025
11026
11027
11028
11029
11030
11031
11032
11033
11034
11035
11036
11037
11038
11039
11040
11041
11042
11043
11044
11045
11046
11047
11048
11049
11050
11051
11052
11053
11054
11055
11056
11057
11058
11059
11060
11061
11062
11063
11064
11065
11066
11067
11068
11069
11070
11071
11072
11073
11074
11075
11076
11077
11078
11079
11080
11081
11082
11083
11084
11085
11086
11087
11088
11089
11090
11092
11093
11095
11096
11097
11099
11100
11101
11103
11107
11968
11973
11974
11975
11978
11979
11980
11983
11984
11985
11987
11988
11989
11993
11994
11997
11998
11999
12000
12001
12002
12003
12004
12015
12018
12021
12023
12024
12025
12027
12028
12030
12032
12033
12034
12035
12036
12037
12038
12040
12041
12042
12043
12052
12053
12054
12055
12056
12057
12058
12059
12060
12061
12062
12063
12064
12066
12067
12068
12069
12070
12071
12072
12073
12074
12075
12076
12077
12078
12079
12080
12081
12082
12083
12084
12085
12086
12087
12088
12089
12090
12091
12092
12093
12094
12095
12096
12097
12098
12099
12100
12101
12102
12103
12104
12105
12107
12109
12110
12111
12112
12113
12114
12115

[PathPrefPatterns]
99
100
101
111
120
121
122
123
124
125
126
127
128
129
130
131
132
133
134
135
136
137
138
139
140
141
142
143
144
145
146
147
148
149
150
151
152
153
154
155
156
157
158
159
160
161

[Professions]
54
56
69
70
71
72

[Sound]
21016
21017
21018
21019
21020
21021
21022
21023
21024
21025
21026
21027
21028
21029
21030
21031
21032
21033
21034
21035
21036
21037
21038
21039
21040
21041
21042
21043
21044
21045
21046
21047
21048
21049
21050
21051
21052
21053
21054
21055
21056
21057
21058
21059
21060
21061
21062
21063
21064
21065
21066
21067
21068
21069
21070
21071
21072
21073
21074
21075
21076
21077
21078
21079
21080
21081
21082
21083
21084
21085
21086
21087
21088
21089
21090
21091
21092
21093
21094
21095
21096
21097
21098
21099
21100
21101
21102
21103
21104
21105
21106
21107
21108
21109
21110
21111
21112
21113
21114
21115
21116
21117
21118
21119
21120
21121
21122
21123
21124
21125
21126
21127
21128
21129
21130
21131
21132
21133
21134
21135
21136
21137
21138
21139
21140
21141
21142
21143
21144
21145
21146
21147
21148
21149
21150
21151
21152
21153
21154
21155
21156
21157
21158
21159
21160
21161
21162
21163
21164
21165
21166
21167
21168
21169
21170
21171
21172
21173
21174
21175
21176
21177
21178
21179
21180
21181
21182
21183
21184
21185
21186
21187
21188
21189
21190
21191
21192
21193
21194
21195
21196
21197
21198
21199
21200
21201
21202
21203
21204
21205
21206
21207
21208
21209
21210
21211
21212
21213
21214
21215
21216
21217
21218
21219
21220
21221
21222
21223
21224
21225
21226
21227
21228
21229
21230
21231
21232
21233
21234
21235
21236
21237
21238
21239
21240
21241
21242
21243
21244
21245
21246
21247
21248
21249
21250
21251
21252
21253
21254
21255
21256
21257
21258
21259
21260
21261
21262
21263
21264
21265
21266
21267
21268
21269
21270
21271
21272
21273
21274
21275
21276
21277
21278
21279
21280
21281
21282
21283
21284
21285
21286
21287
21288
21289
21290
21291
21292
21293
21294
21295
21296
21297
21298
21299
21300
21301
21302
21303
21304
21305
21306
21307
21308
21309
21310
21311
21312
21313
21314
21315
21316
21317
21318
21319
21320
21321
21322
21323
21324
21325
21326
21327
21328
21329
21330
21331
21332
21333
21334
21335
21336
21337
21338
21339
21340
21341
21342
21343
21344
21345
21346
21347
21348
21349
21350
21351
21352
21353
21354
21355
21356
21357
21358
21359
21360
21361
21362
21363
21364
21365
21366
21367
21368
21369
21370
21371
21372
21373
21374
21375
21376
21377
21378
21379
21380
21381
21382
21383
21384
21385
21386
21387
21388
21389
21390
21391
21392
21393
21394
21395
21396
21397
21398
21399
21400
21401
21402
21403
21404
21405
21406
21407
21408
21409
21410
21411
21412
21413
21414
21415
21416
21417
21418
21419
21420
21421
21422
21423
21424
21425
21426
21427
21428
21429
21430
21431
21432
21433
21434
21435
21436
21437
21438
21439
21440
21441
21442
21443
21444
21445
21446
21447
21448
21449
21450
21451
21452
21453
21454
21455
21456
21457
21458
21459
21460
21461
21462
21463
21464
21465
21466
21467
21468
21469
21470
21471
21472
21473
21474
21475
21476
21477
21478
21479
21480
21481
21482
21483
21484
21485
21486
21487
21488
21489
21490
21491
21492
21493
21494
21495
21496
21497
21498
21499
21500
21501
21502
21503
21504
21505
21506
21507
21508
21509
21510
21511
21512
21513
21514
21515
21516
21517
21518
21519
21520
21521
21522
21523
21524
21525
21526
21527
21528
21529
21530
21531
21532
21533
21534
21535
21536
21537
21538
21539
21540
21541
21542
21543
21544
21545
21546
21547
21548
21549
21550
21551
21552
21553
21554
21555
21556
21557
21558
21559
21560
21561
21562
21563
21564
21565
21566
21567
21568
21569
21570
21571
21572
21573
21574
21575
21576
21577
21578
21579
21580
21581
21582
21583
21584
21585
21586
21587
21588
21589
21590
21591
21592
21593
21594
21595
21596
21597
21598
21599
21600
21601
21602
21603
21604
21605
21606
21607
21608
21609
21610
21611
21612
21613
21614
21615
21616
21617
21618
21619
21620
21621
21622
21623
21624
21625
21626
21627
21628
21629
21630
21631
21632
21633
21634
21635
21636
21637
21638
21639
21640
21641
21642
22372
22373
22374
22375
22376
22377
22378
22379
22952
23628
23629
23630
23631
23632
23633
23634
23635
23636
23637
23638
23639
23640
23641
23642
23643
23644
23645
23646
23647
23648
23649
23650
23651
23652
23653
23654

[State]
3
31
64

[abilitypoints]
12

[maps]
18
19
20
21
22
23
24
25
26

[songspecialevents]
40
41
42
43
44
45
46

[songvariation]
230
236
237
